theta = 0.2941769938084501 threshold = 8.0
MeffPerPos = [6470.9612458200145,6470.9612458200145,6470.9612458200145,6470.9612458200145,6470.9612458200145,6470.9612458200145,6470.9612458200145,6470.9612458200145,6470.9612458200145,6470.9612458200145,6470.9612458200145,6470.9612458200145,6470.9612458200145,6470.9612458200145,6470.9612458200145,6470.9612458200145,6470.9612458200145,6470.9612458200145,6470.9612458200145,6470.9612458200145,6470.9612458200145,6470.9612458200145,6470.9612458200145,6470.9612458200145,6470.9612458200145,6470.9612458200145,6470.9612458200145,6470.9612458200145,6470.9612458200145]
M = 63646 N = 29 Meff = 6470.9612458200145
MeffPerPos = [946.9903725034227,2987.3224581794893,3983.423145666623,5022.36067914685,6057.492927524987,6165.16418940189,6309.319805021919,6438.543491875938,6458.4708263356715,6460.11630227612,6464.7945791533475,6452.818012852898,6460.450130101847,6469.7870033957715,6467.438261843127,6466.9600541649015,6467.491690047774,6469.977912486681,6466.7927273014975,6466.871288555058,6460.669115415009,6448.626466383521,6426.636796692157,6396.430506931638,6239.232106422202,5824.636776372576,5418.035831810699,4349.543330552839,3894.481546714997]
